+TITLE-------------------------------------------------------------------------+
Rotor 37 in MERIDL format
********************************************************************************
+NHUB----++NTIP----++--------++--------++--------++--------++--------++--------+
        51        51
+--------++--------++--------++--------++--------++--------++--------++--------+
  -1.57500  -1.42019  -1.33953  -1.25805  -1.17578  -1.09276  -1.00900  -0.92458
  -0.83951  -0.75380  -0.66741  -0.58040  -0.49295  -0.40521  -0.31751  -0.22966
  -0.14153  -0.05300   0.03561   0.12397   0.21202   0.30002   0.38823   0.47648
   0.56456   0.65242   0.74038   0.82880   0.91766   1.00671   1.09569   1.18452
   1.27327   1.36197   1.45053   1.53885   1.62683   1.71438   1.80141   1.88789
   1.97387   2.05942   2.14452   2.22906   2.31293   2.39604   2.47840   2.55997
   2.64075   2.72076   2.87500
   6.90055   6.89992   6.89958   6.89967   6.90035   6.90178   6.90412   6.90752
   6.91176   6.91604   6.91956   6.92275   6.92740   6.93542   6.94764   6.96239
   6.97764   6.99276   7.00913   7.02823   7.04991   7.07258   7.09512   7.11795
   7.14179   7.16659   7.19101   7.21357   7.23390   7.25286   7.27134   7.28944
   7.30670   7.32271   7.33759   7.35167   7.36526   7.37873   7.39241   7.40633
   7.41984   7.43226   7.44342   7.45388   7.46421   7.47472   7.48536   7.49608
   7.50672   7.51694   7.53644
+--------++--------++--------++--------++--------++--------++--------++--------+
  -1.57500  -1.42019  -1.33952  -1.25803  -1.17574  -1.09268  -1.00889  -0.92439
  -0.83923  -0.75344  -0.66705  -0.58012  -0.49272  -0.40494  -0.31686  -0.22854
  -0.14006  -0.05151   0.03697   0.12527   0.21344   0.30152   0.38956   0.47761
   0.56569   0.65378   0.74181   0.82968   0.91741   1.00504   1.09260   1.18018
   1.26783   1.35558   1.44337   1.53112   1.61877   1.70631   1.79370   1.88087
   1.96769   2.05403   2.13980   2.22496   2.30944   2.39320   2.47621   2.55842
   2.63980   2.72034   2.87500
  10.10537  10.10375  10.10277  10.10149  10.09981  10.09767  10.09499  10.09168
  10.08774  10.08321  10.07811  10.07217  10.06499  10.05618  10.04567  10.03349
  10.01963  10.00387   9.98597   9.96590   9.94412   9.92115   9.89740   9.87318
   9.84877   9.82423   9.79945   9.77431   9.74897   9.72371   9.69886   9.67482
   9.65204   9.63088   9.61136   9.59342   9.57709   9.56274   9.55074   9.54117
   9.53363   9.52768   9.52290   9.51887   9.51523   9.51167   9.50799   9.50398
   9.49959   9.49491   9.48500
********************************************************************************    
+NBLD----++NBLCRC--++NPPRC---++--------++--------++--------++--------++--------+
        36        21        61     
+--------++--------++--------++--------++--------++--------++--------++--------+
 0.011299  0.013526  0.016140  0.019207  0.022803  0.027017  0.031954  0.037720 
 0.044461  0.052324  0.061480  0.072126  0.084471  0.098759  0.115241  0.134191 
 0.155897  0.180661  0.208786  0.240564  0.276272  0.316144  0.360335  0.408875 
 0.461656  0.518417  0.578757  0.642189  0.708224  0.776288  0.845629  0.915298 
 0.984225  1.051424  1.116062  1.177487  1.235209  1.288876  1.338267  1.383285 
 1.423957  1.460411  1.492854  1.521547  1.546782  1.568871  1.588124  1.604843 
 1.619315  1.631809  1.642569  1.651817  1.659751  1.666548  1.672362  1.677334 
 1.681576  1.685192  1.688283  1.690913  1.693153 
 0.015472  0.017693  0.020299  0.023354  0.026936  0.031130  0.036045  0.041775 
 0.048474  0.056286  0.065379  0.075945  0.088197  0.102367  0.118708  0.137491 
 0.159001  0.183536  0.211393  0.242863  0.278210  0.317663  0.361365  0.409342 
 0.461490  0.517558  0.577161  0.639821  0.705038  0.772216  0.840598  0.909253 
 0.977158  1.043357  1.107042  1.167571  1.224458  1.277353  1.326043  1.370432 
 1.410551  1.446523  1.478553  1.506896  1.531836  1.553679  1.572727  1.589279 
 1.603614  1.615996  1.626667  1.635843  1.643720  1.650471  1.656250  1.661195 
 1.665417  1.669008  1.672094  1.674715  1.676948 
 0.023401  0.025617  0.028216  0.031262  0.034829  0.039004  0.043901  0.049587 
 0.056247  0.064003  0.073027  0.083506  0.095649  0.109686  0.125865  0.144454 
 0.165733  0.189995  0.217533  0.248626  0.283534  0.322472  0.365570  0.412850 
 0.464213  0.519419  0.578096  0.639783  0.703969  0.770047  0.837253  0.904679 
 0.971345  1.036339  1.098878  1.158333  1.214224  1.266207  1.314072  1.357730 
 1.397205  1.432622  1.464178  1.492119  1.516724  1.538288  1.557109  1.573474 
 1.587658  1.599919  1.610493  1.619592  1.627409  1.634113  1.639857  1.644768 
 1.648994  1.652533  1.655621  1.658239  1.660468 
 0.033712  0.035925  0.038519  0.041556  0.045110  0.049267  0.054125  0.059796 
 0.066410  0.074110  0.083062  0.093450  0.105480  0.119375  0.135382  0.153762 
 0.174792  0.198756  0.225939  0.256615  0.291031  0.329388  0.371805  0.418302 
 0.468782  0.523016  0.580646  0.641227  0.704244  0.769077  0.834964  0.901021 
 0.966316  1.029975  1.091247  1.149516  1.204312  1.255295  1.302260  1.345119 
 1.383898  1.418715  1.449759  1.477269  1.501515  1.522783  1.541359  1.557527 
 1.571552  1.583686  1.594158  1.603178  1.610933  1.617590  1.623298  1.628182 
 1.632383  1.635923  1.638994  1.641604  1.643829 
 0.045370  0.047582  0.050172  0.053201  0.056745  0.060885  0.065720  0.071359 
 0.077930  0.085575  0.094455  0.104751  0.116666  0.130418  0.146249  0.164415 
 0.185186  0.208838  0.235649  0.265881  0.299773  0.337508  0.379199  0.424862 
 0.474404  0.527604  0.584120  0.643519  0.705284  0.768786  0.833272  0.897884 
 0.961734  1.023992  1.083931  1.140956  1.194603  1.244541  1.290567  1.332596 
 1.370652  1.404846  1.435360  1.462424  1.486300  1.507260  1.525587  1.541551 
 1.555413  1.567417  1.577786  1.586725  1.594418  1.601028  1.606700  1.611557 
 1.615738  1.619271  1.622329  1.624933  1.627156 
 0.057215  0.059426  0.062012  0.065035  0.068568  0.072692  0.077504  0.083113 
 0.089642  0.097231  0.106040  0.116246  0.128046  0.141656  0.157310  0.175260 
 0.195768  0.219102  0.245531  0.275307  0.308656  0.345750  0.386693  0.431502 
 0.480082  0.532225  0.587601  0.645787  0.706261  0.768397  0.831448  0.894589 
 0.956973  1.017808  1.076397  1.132160  1.184645  1.233525  1.278603  1.319795 
 1.357119  1.390685  1.420665  1.447278  1.470781  1.491433  1.509506  1.525265 
 1.538962  1.550834  1.561100  1.569958  1.577587  1.584149  1.589786  1.594615 
 1.598779  1.602301  1.605337  1.607946  1.610166 
 0.068363  0.070572  0.073154  0.076169  0.079690  0.083797  0.088584  0.094159 
 0.100644  0.108175  0.116909  0.127020  0.138700  0.152161  0.167631  0.185355 
 0.205586  0.228586  0.254614  0.283911  0.316689  0.353112  0.393279  0.437203 
 0.484793  0.535847  0.590047  0.646977  0.706116  0.766838  0.828415  0.890051 
 0.950940  1.010326  1.067538  1.122015  1.173313  1.221115  1.265226  1.305562 
 1.342141  1.375064  1.404498  1.430651  1.453766  1.474100  1.491911  1.507457 
 1.520982  1.532716  1.542872  1.551644  1.559206  1.565716  1.571314  1.576113 
 1.580254  1.583770  1.586779  1.589391  1.591607 
 0.079906  0.082114  0.084691  0.087699  0.091207  0.095298  0.100060  0.105598 
 0.112037  0.119508  0.128164  0.138175  0.149729  0.163032  0.178305  0.195788 
 0.215724  0.238365  0.263961  0.292741  0.324906  0.360612  0.399950  0.442930 
 0.489466  0.539360  0.592306  0.647892  0.705603  0.764820  0.824833  0.884880 
 0.944195  1.002057  1.057820  1.110942  1.160994  1.207663  1.250760  1.290200 
 1.325998  1.358249  1.387108  1.412780  1.435491  1.455490  1.473028  1.488350 
 1.501695  1.513285  1.523327  1.532008  1.539501  1.545957  1.551513  1.556284 
 1.560397  1.563905  1.566907  1.569505  1.571718 
 0.093217  0.095426  0.098004  0.101009  0.104510  0.108586  0.113337  0.118843 
 0.125240  0.132657  0.141240  0.151157  0.162589  0.175738  0.190818  0.208058 
 0.227696  0.249973  0.275125  0.303373  0.334905  0.369869  0.408349  0.450353 
 0.495795  0.544484  0.596121  0.650303  0.706521  0.764167  0.822556  0.880959 
 0.938647  0.994933  1.049203  1.100930  1.149699  1.195208  1.237267  1.275794 
 1.310798  1.342368  1.370650  1.395834  1.418145  1.437813  1.455080  1.470185 
 1.483355  1.494807  1.504740  1.513339  1.520768  1.527176  1.532697  1.537447 
 1.541533  1.545035  1.548048  1.550630  1.552842 
 0.106492  0.108704  0.111283  0.114286  0.117782  0.121847  0.126577  0.132060 
 0.138420  0.145786  0.154302  0.164131  0.175449  0.188451  0.203346  0.220356 
 0.239711  0.261639  0.286369  0.314109  0.345041  0.379302  0.416970  0.458052 
 0.502461  0.550012  0.600412  0.653266  0.708071  0.764234  0.821092  0.877948 
 0.934108  0.988917  1.041783  1.092200  1.139766  1.184184  1.225270  1.262940 
 1.297200  1.328131  1.355871  1.380601  1.402533  1.421891  1.438905  1.453806 
 1.466813  1.478136  1.487969  1.496489  1.503859  1.510223  1.515712  1.520441 
 1.524508  1.528002  1.531030  1.533590  1.535805 
 0.117888  0.120098  0.122673  0.125669  0.129155  0.133204  0.137906  0.143359 
 0.149678  0.156988  0.165431  0.175166  0.186367  0.199221  0.213932  0.230715 
 0.249792  0.271385  0.295712  0.322972  0.353340  0.386946  0.423864  0.464097 
 0.507559  0.554069  0.603341  0.654981  0.708499  0.763314  0.818785  0.874242 
 0.929021  0.982492  1.034087  1.083315  1.129784  1.173208  1.213403  1.250286 
 1.283860  1.314198  1.341433  1.365735  1.387311  1.406373  1.423144  1.437846 
 1.450692  1.461885  1.471615  1.480055  1.487362  1.493677  1.499129  1.503830 
 1.507875  1.511376  1.514334  1.516922  1.519142 
 0.127872  0.130081  0.132652  0.135641  0.139114  0.143147  0.147826  0.153247 
 0.159522  0.166775  0.175145  0.184786  0.195867  0.208572  0.223098  0.239653 
 0.258452  0.279708  0.303631  0.330413  0.360219  0.393175  0.429348  0.468739 
 0.511263  0.556741  0.604891  0.655328  0.707571  0.761054  0.815159  0.869241 
 0.922663  0.974821  1.025167  1.073227  1.118620  1.161066  1.200387  1.236497 
 1.269396  1.299153  1.325892  1.349777  1.371000  1.389771  1.406302  1.420809 
 1.433496  1.444563  1.454192  1.462552  1.469797  1.476065  1.481481  1.486154 
 1.490184  1.493650  1.496640  1.499209  1.501416 
 0.138268  0.140476  0.143043  0.146024  0.149487  0.153508  0.158152  0.163538 
 0.169766  0.176956  0.185245  0.194782  0.205732  0.218272  0.232594  0.248897 
 0.267390  0.288276  0.311757  0.338016  0.367210  0.399456  0.434818  0.473291 
 0.514793  0.559145  0.606072  0.655198  0.706054  0.758095  0.810723  0.863323 
 0.915285  0.966031  1.015032  1.061834  1.106068  1.147463  1.185842  1.221121 
 1.253294  1.282425  1.308629  1.332064  1.352911  1.371368  1.387642  1.401939 
 1.414458  1.425389  1.434910  1.443185  1.450364  1.456582  1.461960  1.466606 
 1.470612  1.474064  1.477088  1.479599  1.481817 
 0.152229  0.154434  0.156993  0.159962  0.163407  0.167394  0.172015  0.177358 
 0.183527  0.190642  0.198836  0.208253  0.219053  0.231407  0.245499  0.261523 
 0.279677  0.300158  0.323157  0.348848  0.377381  0.408864  0.443355  0.480847 
 0.521256  0.564407  0.610032  0.657763  0.707148  0.757663  0.808735  0.859775 
 0.910201  0.959460  1.007046  1.052521  1.095532  1.135814  1.173196  1.207592 
 1.238993  1.267455  1.293088  1.316038  1.336479  1.354596  1.370590  1.384657 
 1.396989  1.407769  1.417170  1.425350  1.432454  1.438614  1.443947  1.448559 
 1.452544  1.455979  1.458947  1.461504  1.463703 
 0.169216  0.171416  0.173967  0.176925  0.180353  0.184326  0.188902  0.194200 
 0.200312  0.207354  0.215454  0.224752  0.235404  0.247575  0.261443  0.277194 
 0.295019  0.315105  0.337637  0.362778  0.390671  0.421417  0.455068  0.491614 
 0.530971  0.572965  0.617334  0.663723  0.711694  0.760743  0.810322  0.859869 
 0.908827  0.956664  1.002897  1.047105  1.088946  1.128164  1.164591  1.198142 
 1.228804  1.256628  1.281713  1.304199  1.324250  1.342043  1.357769  1.371616 
 1.383770  1.394407  1.403693  1.411782  1.418815  1.424919  1.430210  1.434792 
 1.438748  1.442187  1.445107  1.447663  1.449873 
 0.185664  0.187859  0.190402  0.193348  0.196757  0.200706  0.205253  0.210505 
 0.216560  0.223530  0.231537  0.240719  0.251226  0.263218  0.276867  0.292351 
 0.309854  0.329558  0.351635  0.376243  0.403516  0.433547  0.466385  0.502016 
 0.540353  0.581228  0.624383  0.669476  0.716084  0.763723  0.811869  0.859983 
 0.907532  0.954007  0.998942  1.041934  1.082651  1.120848  1.156359  1.189098 
 1.219050  1.246260  1.270820  1.292861  1.312536  1.330019  1.345488  1.359124 
 1.371107  1.381607  1.390783  1.398785  1.405750  1.411802  1.417053  1.421606 
 1.425541  1.428965  1.431872  1.434430  1.436632 
 0.199675  0.201863  0.204395  0.207326  0.210672  0.214676  0.219133  0.224347 
 0.230341  0.237230  0.245138  0.254196  0.264550  0.276355  0.289776  0.304985 
 0.322157  0.341466  0.363079  0.387144  0.413785  0.443092  0.475107  0.509814 
 0.547125  0.586875  0.628814  0.672611  0.717860  0.764097  0.810819  0.857511 
 0.903661  0.948781  0.992425  1.034204  1.073801  1.110976  1.145569  1.177493 
 1.206731  1.233320  1.257347  1.278934  1.298228  1.315392  1.330596  1.344016 
 1.355821  1.366176  1.375237  1.383148  1.390040  1.396035  1.401243  1.405764 
 1.409668  1.413089  1.415993  1.418479  1.420722 
 0.211710  0.213889  0.216410  0.219323  0.222651  0.226600  0.231041  0.236199 
 0.242128  0.248935  0.256741  0.265673  0.275872  0.287487  0.300679  0.315613 
 0.332456  0.351376  0.372529  0.396058  0.422079  0.450676  0.481886  0.515690 
 0.552001  0.590656  0.631415  0.673958  0.717896  0.762781  0.808132  0.853455 
 0.898257  0.942071  0.984470  1.025079  1.063592  1.099777  1.133479  1.164610 
 1.193150  1.219133  1.242639  1.263780  1.282697  1.299545  1.314486  1.327690 
 1.339317  1.349528  1.358472  1.366289  1.373107  1.379045  1.384207  1.388693 
 1.392573  1.395965  1.398879  1.401325  1.403576 
 0.224352  0.226522  0.229029  0.231923  0.235237  0.239128  0.243544  0.248644 
 0.254503  0.261225  0.268923  0.277721  0.287757  0.299173  0.312124  0.326769 
 0.343267  0.361779  0.382452  0.405422  0.430798  0.458656  0.489029  0.521897 
 0.557171  0.594694  0.634235  0.675484  0.718070  0.761564  0.805506  0.849422 
 0.892839  0.935312  0.976430  1.015833  1.053229  1.088392  1.121174  1.151485 
 1.179303  1.204657  1.227620  1.248298  1.266822  1.283340  1.298007  1.310983 
 1.322424  1.332482  1.341304  1.349023  1.355763  1.361639  1.366753  1.371201 
 1.375056  1.378422  1.381329  1.383762  1.386006 
 0.242032  0.244190  0.246681  0.249553  0.252860  0.256670  0.261053  0.266086 
 0.271859  0.278474  0.286038  0.294672  0.304504  0.315674  0.328326  0.342611 
 0.358681  0.376683  0.396759  0.419033  0.443606  0.470546  0.499881  0.531586 
 0.565575  0.601697  0.639728  0.679378  0.720292  0.762067  0.804268  0.846444 
 0.888152  0.928967  0.968502  1.006416  1.042429  1.076328  1.107967  1.137258 
 1.164177  1.188746  1.211032  1.231130  1.249162  1.265267  1.279588  1.292279 
 1.303486  1.313354  1.322023  1.329618  1.336259  1.342059  1.347114  1.351516 
 1.355339  1.358676  1.361547  1.364034  1.366225 
 0.268240  0.270387  0.272860  0.275706  0.278977  0.282732  0.287052  0.291997 
 0.297659  0.304132  0.311519  0.319933  0.329494  0.340331  0.352580  0.366380 
 0.381871  0.399185  0.418453  0.439786  0.463274  0.488975  0.516908  0.547045 
 0.579303  0.613536  0.649536  0.687033  0.725698  0.765160  0.805016  0.844852 
 0.884258  0.922842  0.960245  0.996151  1.030300  1.062490  1.092582  1.120491 
 1.146190  1.169693  1.191055  1.210363  1.227723  1.243263  1.257113  1.269413 
 1.280301  1.289909  1.298366  1.305794  1.312304  1.318000  1.322976  1.327317 
 1.331096  1.334403  1.337249  1.339734  1.341907 
 7.004411  7.004835  7.005334  7.005923  7.006618  7.007439  7.008409  7.009552 
 7.010908  7.012510  7.014407  7.016655  7.019317  7.022471  7.026209  7.030633 
 7.035857  7.041980  7.049088  7.057238  7.066458  7.076715  7.088000  7.100401 
 7.114058  7.129142  7.145749  7.163690  7.182240  7.200455  7.217587  7.233377 
 7.248143  7.262182  7.275537  7.288032  7.299433  7.309608  7.318554  7.326385 
 7.333226  7.339200  7.344413  7.348955  7.352906  7.356337  7.359312  7.361887 
 7.364110  7.366027  7.367679  7.369097  7.370315  7.371358  7.372253  7.373017 
 7.373668  7.374225  7.374701  7.375106  7.375451 
 7.156540  7.156928  7.157385  7.157926  7.158562  7.159313  7.160202  7.161248 
 7.162486  7.163951  7.165684  7.167735  7.170164  7.173039  7.176443  7.180466 
 7.185203  7.190739  7.197143  7.204461  7.212710  7.221858  7.231905  7.242948 
 7.255115  7.268569  7.283394  7.299400  7.315909  7.332058  7.347161  7.361013 
 7.373909  7.386147  7.397786  7.408680  7.418626  7.427503  7.435306  7.442133 
 7.448100  7.453312  7.457862  7.461832  7.465289  7.468293  7.470901  7.473158 
 7.475113  7.476799  7.478251  7.479501  7.480574  7.481494  7.482285  7.482961 
 7.483536  7.484027  7.484450  7.484808  7.485116 
 7.308747  7.309102  7.309520  7.310013  7.310594  7.311280  7.312091  7.313045 
 7.314172  7.315506  7.317081  7.318944  7.321146  7.323750  7.326829  7.330457 
 7.334710  7.339656  7.345350  7.351826  7.359088  7.367106  7.375908  7.385587 
 7.396267  7.408097  7.421147  7.435203  7.449639  7.463673  7.476710  7.488594 
 7.499610  7.510046  7.519966  7.529256  7.537740  7.545311  7.551963  7.557782 
 7.562868  7.567315  7.571201  7.574594  7.577554  7.580130  7.582369  7.584310 
 7.585991  7.587446  7.588699  7.589779  7.590706  7.591504  7.592189  7.592775 
 7.593277  7.593699  7.594068  7.594381  7.594650 
 7.460641  7.460964  7.461343  7.461790  7.462317  7.462937  7.463668  7.464533 
 7.465546  7.466749  7.468167  7.469841  7.471818  7.474152  7.476902  7.480127 
 7.483886  7.488233  7.493208  7.498833  7.505099  7.511992  7.519561  7.527892 
 7.537110  7.547339  7.558634  7.570757  7.583130  7.595061  7.606046  7.615982 
 7.625146  7.633809  7.642041  7.649751  7.656791  7.663073  7.668586  7.673405 
 7.677619  7.681306  7.684532  7.687355  7.689820  7.691969  7.693841  7.695467 
 7.696878  7.698100  7.699155  7.700065  7.700848  7.701522  7.702103  7.702600 
 7.703024  7.703384  7.703698  7.703964  7.704192 
 7.612608  7.612896  7.613235  7.613635  7.614105  7.614658  7.615309  7.616079 
 7.616978  7.618046  7.619303  7.620785  7.622530  7.624584  7.626992  7.629800 
 7.633053  7.636789  7.641037  7.645807  7.651084  7.656875  7.663237  7.670254 
 7.678042  7.686707  7.696282  7.706507  7.716860  7.726736  7.735718  7.743761 
 7.751126  7.758069  7.764662  7.770836  7.776471  7.781493  7.785893  7.789734 
 7.793091  7.796033  7.798611  7.800871  7.802850  7.804581  7.806091  7.807405 
 7.808549  7.809541  7.810400  7.811141  7.811780  7.812332  7.812808  7.813216 
 7.813564  7.813861  7.814119  7.814339  7.814526 
 7.763929  7.764182  7.764477  7.764826  7.765235  7.765717  7.766284  7.766953 
 7.767732  7.768659  7.769745  7.771024  7.772524  7.774281  7.776329  7.778702 
 7.781433  7.784548  7.788065  7.791981  7.796284  7.801003  7.806192  7.811931 
 7.818326  7.825462  7.833354  7.841728  7.850124  7.858017  7.865077  7.871297 
 7.876929  7.882214  7.887224  7.891915  7.896190  7.899990  7.903308  7.906195 
 7.908717  7.910929  7.912872  7.914579  7.916080  7.917397  7.918549  7.919555 
 7.920433  7.921198  7.921861  7.922436  7.922933  7.923362  7.923732  7.924051 
 7.924325  7.924557  7.924758  7.924932  7.925080 
 7.914298  7.914511  7.914760  7.915054  7.915398  7.915803  7.916278  7.916840 
 7.917490  7.918265  7.919170  7.920230  7.921469  7.922912  7.924583  7.926508 
 7.928707  7.931197  7.933982  7.937054  7.940414  7.944093  7.948143  7.952638 
 7.957672  7.963315  7.969560  7.976142  7.982657  7.988664  7.993898  7.998384 
 8.002360  8.006053  8.009542  8.012808  8.015774  8.018396  8.020668  8.022631 
 8.024341  8.025839  8.027160  8.028326  8.029356  8.030265  8.031064  8.031766 
 8.032381  8.032919  8.033388  8.033796  8.034151  8.034457  8.034722  8.034952 
 8.035149  8.035316  8.035462  8.035587  8.035695 
 8.064061  8.064233  8.064431  8.064667  8.064942  8.065266  8.065645  8.066092 
 8.066607  8.067220  8.067931  8.068761  8.069726  8.070841  8.072125  8.073592 
 8.075253  8.077115  8.079171  8.081416  8.083858  8.086528  8.089472  8.092756 
 8.096463  8.100652  8.105289  8.110136  8.114842  8.119042  8.122532  8.125359 
 8.127748  8.129911  8.131942  8.133834  8.135537  8.137021  8.138279  8.139343 
 8.140260  8.141062  8.141771  8.142406  8.142970  8.143476  8.143927  8.144327 
 8.144681  8.144994  8.145268  8.145510  8.145720  8.145904  8.146065  8.146205 
 8.146324  8.146426  8.146516  8.146593  8.146660 
 8.213495  8.213622  8.213768  8.213943  8.214145  8.214382  8.214660  8.214986 
 8.215356  8.215799  8.216310  8.216901  8.217583  8.218364  8.219254  8.220258 
 8.221380  8.222614  8.223953  8.225394  8.226950  8.228645  8.230523  8.232644 
 8.235073  8.237861  8.240950  8.244124  8.247091  8.249557  8.251373  8.252612 
 8.253485  8.254193  8.254829  8.255407  8.255898  8.256284  8.256562  8.256755 
 8.256900  8.257023  8.257137  8.257250  8.257361  8.257472  8.257579  8.257682 
 8.257778  8.257870  8.257953  8.258030  8.258099  8.258160  8.258216  8.258267 
 8.258309  8.258346  8.258379  8.258408  8.258433 
 8.361872  8.361951  8.362041  8.362147  8.362271  8.362415  8.362584  8.362780 
 8.363001  8.363265  8.363565  8.363910  8.364301  8.364741  8.365233  8.365776 
 8.366362  8.366982  8.367624  8.368294  8.368999  8.369762  8.370620  8.371623 
 8.372825  8.374266  8.375870  8.377453  8.378768  8.379594  8.379825  8.379559 
 8.378993  8.378317  8.377632  8.376961  8.376295  8.375628  8.374960  8.374311 
 8.373710  8.373173  8.372706  8.372312  8.371980  8.371703  8.371473  8.371284 
 8.371128  8.371001  8.370896  8.370810  8.370739  8.370681  8.370632  8.370592 
 8.370559  8.370531  8.370508  8.370488  8.370475 
 8.509143  8.509170  8.509198  8.509234  8.509274  8.509321  8.509375  8.509437 
 8.509502  8.509582  8.509666  8.509759  8.509856  8.509956  8.510054  8.510139 
 8.510201  8.510225  8.510204  8.510137  8.510028  8.509895  8.509769  8.509693 
 8.509710  8.509852  8.510036  8.510111  8.509874  8.509165  8.507910  8.506225 
 8.504297  8.502310  8.500366  8.498507  8.496734  8.495058  8.493481  8.492020 
 8.490695  8.489518  8.488487  8.487597  8.486831  8.486176  8.485616  8.485141 
 8.484735  8.484392  8.484100  8.483852  8.483643  8.483464  8.483312  8.483183 
 8.483073  8.482980  8.482902  8.482833  8.482777 
 8.655842  8.655813  8.655779  8.655740  8.655693  8.655639  8.655574  8.655497 
 8.655401  8.655293  8.655159  8.654998  8.654801  8.654562  8.654266  8.653902 
 8.653451  8.652900  8.652238  8.651457  8.650559  8.649557  8.648475  8.647346 
 8.646214  8.645091  8.643909  8.642547  8.640841  8.638680  8.636023  8.632992 
 8.629766  8.626524  8.623376  8.620373  8.617538  8.614887  8.612429  8.610177 
 8.608145  8.606339  8.604753  8.603373  8.602177  8.601145  8.600257  8.599495 
 8.598842  8.598282  8.597804  8.597394  8.597043  8.596744  8.596487  8.596270 
 8.596082  8.595921  8.595783  8.595666  8.595569 
 8.801843  8.801759  8.801659  8.801543  8.801408  8.801249  8.801064  8.800846 
 8.800590  8.800290  8.799938  8.799523  8.799035  8.798459  8.797778  8.796975 
 8.796028  8.794923  8.793643  8.792177  8.790523  8.788687  8.786687  8.784551 
 8.782313  8.779984  8.777504  8.774785  8.771703  8.768185  8.764216  8.759925 
 8.755482  8.751060  8.746776  8.742695  8.738853  8.735272  8.731972  8.728960 
 8.726246  8.723830  8.721702  8.719841  8.718224  8.716822  8.715609  8.714562 
 8.713661  8.712886  8.712220  8.711648  8.711158  8.710736  8.710375  8.710066 
 8.709801  8.709572  8.709374  8.709209  8.709069 
 8.946659  8.946515  8.946347  8.946154  8.945927  8.945662  8.945354  8.944993 
 8.944571  8.944082  8.943509  8.942842  8.942061  8.941152  8.940091  8.938860 
 8.937433  8.935793  8.933919  8.931798  8.929421  8.926790  8.923918  8.920825 
 8.917544  8.914074  8.910371  8.906370  8.901990  8.897192  8.891989  8.886514 
 8.880931  8.875406  8.870062  8.864970  8.860181  8.855725  8.851627  8.847894 
 8.844529  8.841532  8.838883  8.836560  8.834535  8.832773  8.831245  8.829924 
 8.828781  8.827796  8.826947  8.826216  8.825586  8.825045  8.824579  8.824180 
 8.823836  8.823541  8.823287  8.823070  8.822886 
 9.090075  9.089871  9.089635  9.089359  9.089039  9.088666  9.088233  9.087727 
 9.087137  9.086456  9.085663  9.084742  9.083673  9.082435  9.081005  9.079358 
 9.077468  9.075312  9.072866  9.070116  9.067046  9.063653  9.059946  9.055945 
 9.051673  9.047117  9.042256  9.037044  9.031436  9.025422  9.019049  9.012450 
 9.005790  8.999228  8.992885  8.986845  8.981163  8.975881  8.971025  8.966605 
 8.962624  8.959071  8.955928  8.953164  8.950748  8.948644  8.946814  8.945227 
 8.943851  8.942663  8.941639  8.940753  8.939989  8.939332  8.938765  8.938276 
 8.937857  8.937494  8.937187  8.936919  8.936689 
 9.232563  9.232297  9.231990  9.231633  9.231217  9.230735  9.230176  9.229527 
 9.228772  9.227901  9.226891  9.225722  9.224374  9.222819  9.221032  9.218986 
 9.216650  9.213999  9.211005  9.207646  9.203908  9.199782  9.195273  9.190397 
 9.185170  9.179582  9.173626  9.167277  9.160521  9.153375  9.145906  9.138254 
 9.130579  9.123036  9.115750  9.108810  9.102281  9.096210  9.090631  9.085552 
 9.080974  9.076885  9.073261  9.070069  9.067273  9.064833  9.062705  9.060857 
 9.059253  9.057863  9.056663  9.055623  9.054726  9.053952  9.053284  9.052709 
 9.052213  9.051784  9.051420  9.051101  9.050829 
 9.374530  9.374205  9.373827  9.373389  9.372887  9.372285  9.371611  9.370822 
 9.369908  9.368852  9.367633  9.366228  9.364612  9.362755  9.360629  9.358202 
 9.355440  9.352316  9.348796  9.344857  9.340479  9.335649  9.330373  9.324661 
 9.318522  9.311962  9.304984  9.297583  9.289771  9.281586  9.273108  9.264482 
 9.255858  9.247396  9.239223  9.231432  9.224099  9.217278  9.211004  9.205290 
 9.200134  9.195521  9.191424  9.187809  9.184635  9.181858  9.179435  9.177324 
 9.175490  9.173898  9.172521  9.171326  9.170293  9.169400  9.168629  9.167965 
 9.167392  9.166891  9.166468  9.166106  9.165782 
 9.515832  9.515448  9.515001  9.514484  9.513897  9.513186  9.512393  9.511471 
 9.510403  9.509170  9.507751  9.506120  9.504246  9.502100  9.499648  9.496857 
 9.493690  9.490113  9.486092  9.481596  9.476605  9.471105  9.465096  9.458588 
 9.451591  9.444117  9.436185  9.427809  9.419022  9.409875  9.400462  9.390925 
 9.381415  9.372089  9.363079  9.354486  9.346390  9.338851  9.331914  9.325586 
 9.319869  9.314746  9.310189  9.306157  9.302608  9.299500  9.296782  9.294410 
 9.292345  9.290550  9.288996  9.287644  9.286476  9.285463  9.284589  9.283834 
 9.283182  9.282613  9.282126  9.281718  9.281343 
 9.656196  9.655752  9.655238  9.654645  9.653968  9.653159  9.652247  9.651194 
 9.649975  9.648572  9.646960  9.645110  9.642990  9.640567  9.637805  9.634666 
 9.631112  9.627104  9.622605  9.617584  9.612016  9.605885  9.599189  9.591937 
 9.584144  9.575829  9.567023  9.557755  9.548079  9.538054  9.527789  9.517420 
 9.507099  9.496981  9.487202  9.477869  9.469067  9.460857  9.453300  9.446394 
 9.440145  9.434536  9.429534  9.425100  9.421190  9.417756  9.414749  9.412122 
 9.409830  9.407834  9.406104  9.404598  9.403293  9.402162  9.401182  9.400336 
 9.399605  9.398966  9.398417  9.397960  9.397538 
 9.794642  9.794139  9.793558  9.792887  9.792112  9.791220  9.790188  9.789005 
 9.787640  9.786073  9.784275  9.782217  9.779864  9.777183  9.774131  9.770672 
 9.766761  9.762362  9.757433  9.751942  9.745862  9.739178  9.731888  9.723997 
 9.715525  9.706499  9.696959  9.686951  9.676536  9.665792  9.654828  9.643782 
 9.632803  9.622041  9.611634  9.601691  9.592301  9.583534  9.575441  9.568034 
 9.561319  9.555277  9.549874  9.545074  9.540829  9.537090  9.533810  9.530936 
 9.528427  9.526237  9.524334  9.522676  9.521235  9.519985  9.518901  9.517962 
 9.517150  9.516440  9.515833  9.515308  9.514848 
 9.929938  9.929375  9.928725  9.927977  9.927114  9.926124  9.924981  9.923674 
 9.922171  9.920449  9.918480  9.916231  9.913668  9.910753  9.907447  9.903708 
 9.899496  9.894770  9.889489  9.883622  9.877143  9.870039  9.862305  9.853948 
 9.844990  9.835467  9.825423  9.814914  9.804014  9.792807  9.781404  9.769939 
 9.758554  9.747396  9.736595  9.726261  9.716484  9.707335  9.698864  9.691091 
 9.684020  9.677637  9.671912  9.666805  9.662272  9.658267  9.654740  9.651643 
 9.648930  9.646556  9.644485  9.642678  9.641106  9.639736  9.638547  9.637513 
 9.636617  9.635835  9.635163  9.634579  9.634069 
-1.687146 -1.686210 -1.685569 -1.684813 -1.683929 -1.682896 -1.681687 -1.680276 
-1.678632 -1.676724 -1.674516 -1.671973 -1.669059 -1.665745 -1.662003 -1.657790 
-1.653058 -1.647744 -1.641783 -1.635145 -1.627834 -1.619945 -1.611746 -1.603423 
-1.594379 -1.584450 -1.574467 -1.565188 -1.556635 -1.548452 -1.540775 -1.533895 
-1.527683 -1.522213 -1.517457 -1.513305 -1.509722 -1.506701 -1.504194 -1.502138 
-1.500455 -1.499071 -1.497926 -1.496979 -1.496196 -1.495553 -1.495030 -1.494609 
-1.494270 -1.493996 -1.493771 -1.493583 -1.493426 -1.493292 -1.493179 -1.493084 
-1.493003 -1.493017 -1.493187 -1.493502 -1.494363 
-1.684738 -1.683811 -1.683203 -1.682498 -1.681664 -1.680682 -1.679538 -1.678205 
-1.676650 -1.674844 -1.672749 -1.670331 -1.667551 -1.664373 -1.660762 -1.656677 
-1.652080 -1.646930 -1.641195 -1.634870 -1.627989 -1.620557 -1.612482 -1.603830 
-1.594849 -1.585715 -1.576423 -1.567081 -1.558222 -1.549989 -1.542321 -1.535359 
-1.528977 -1.523269 -1.518257 -1.513804 -1.509949 -1.506696 -1.503970 -1.501677 
-1.499745 -1.498120 -1.496755 -1.495603 -1.494633 -1.493822 -1.493151 -1.492602 
-1.492152 -1.491782 -1.491475 -1.491218 -1.491000 -1.490813 -1.490654 -1.490524 
-1.490407 -1.490407 -1.490562 -1.490860 -1.491699 
-1.683109 -1.682223 -1.681636 -1.680937 -1.680124 -1.679175 -1.678066 -1.676771 
-1.675264 -1.673514 -1.671486 -1.669148 -1.666463 -1.663396 -1.659915 -1.655979 
-1.651549 -1.646580 -1.641032 -1.634906 -1.628247 -1.621081 -1.613302 -1.604881 
-1.596060 -1.587112 -1.577977 -1.568699 -1.559795 -1.551455 -1.543598 -1.536467 
-1.529868 -1.523909 -1.518720 -1.514095 -1.510037 -1.506547 -1.503572 -1.501045 
-1.498898 -1.497079 -1.495539 -1.494232 -1.493124 -1.492190 -1.491410 -1.490764 
-1.490229 -1.489786 -1.489415 -1.489103 -1.488837 -1.488610 -1.488416 -1.488258 
-1.488111 -1.488094 -1.488229 -1.488510 -1.489311 
-1.681937 -1.681079 -1.680516 -1.679816 -1.679014 -1.678090 -1.677007 -1.675739 
-1.674267 -1.672559 -1.670585 -1.668311 -1.665706 -1.662738 -1.659377 -1.655583 
-1.651310 -1.646502 -1.641104 -1.635115 -1.628591 -1.621579 -1.614043 -1.605959 
-1.597404 -1.588487 -1.579278 -1.570027 -1.561176 -1.552754 -1.544672 -1.537363 
-1.530562 -1.524379 -1.519033 -1.514284 -1.510074 -1.506378 -1.503167 -1.500421 
-1.498084 -1.496099 -1.494412 -1.492977 -1.491757 -1.490724 -1.489857 -1.489132 
-1.488526 -1.488019 -1.487592 -1.487231 -1.486924 -1.486659 -1.486435 -1.486248 
-1.486079 -1.486041 -1.486160 -1.486424 -1.487194 
-1.680908 -1.680080 -1.679534 -1.678851 -1.678069 -1.677171 -1.676118 -1.674887 
-1.673458 -1.671801 -1.669887 -1.667683 -1.665158 -1.662282 -1.659022 -1.655338 
-1.651178 -1.646481 -1.641190 -1.635305 -1.628887 -1.621989 -1.614592 -1.606690 
-1.598309 -1.589484 -1.580314 -1.571118 -1.562267 -1.553746 -1.545546 -1.538152 
-1.531249 -1.524928 -1.519426 -1.514529 -1.510161 -1.506294 -1.502911 -1.499995 
-1.497495 -1.495356 -1.493526 -1.491962 -1.490628 -1.489495 -1.488537 -1.487730 
-1.487050 -1.486477 -1.485991 -1.485578 -1.485225 -1.484921 -1.484663 -1.484445 
-1.484254 -1.484206 -1.484318 -1.484573 -1.485318 
-1.679936 -1.679124 -1.678592 -1.677928 -1.677167 -1.676294 -1.675272 -1.674077 
-1.672690 -1.671083 -1.669225 -1.667086 -1.664631 -1.661831 -1.658649 -1.655044 
-1.650965 -1.646355 -1.641165 -1.635399 -1.629110 -1.622328 -1.614990 -1.607106 
-1.598802 -1.590164 -1.581186 -1.572063 -1.563137 -1.554526 -1.546345 -1.538945 
-1.532026 -1.525648 -1.519985 -1.514906 -1.510363 -1.506355 -1.502861 -1.499829 
-1.497195 -1.494915 -1.492947 -1.491252 -1.489799 -1.488557 -1.487501 -1.486607 
-1.485849 -1.485206 -1.484658 -1.484191 -1.483791 -1.483446 -1.483152 -1.482903 
-1.482693 -1.482649 -1.482763 -1.483015 -1.483747 
-1.679086 -1.678300 -1.677777 -1.677121 -1.676367 -1.675505 -1.674497 -1.673318 
-1.671952 -1.670370 -1.668543 -1.666440 -1.664030 -1.661283 -1.658165 -1.654637 
-1.650649 -1.646153 -1.641110 -1.635513 -1.629387 -1.622729 -1.615494 -1.607701 
-1.599517 -1.590996 -1.582077 -1.572961 -1.564021 -1.555413 -1.547270 -1.539804 
-1.532836 -1.526406 -1.520611 -1.515403 -1.510726 -1.506592 -1.502989 -1.499855 
-1.497118 -1.494729 -1.492652 -1.490851 -1.489298 -1.487962 -1.486823 -1.485852 
-1.485027 -1.484325 -1.483726 -1.483214 -1.482775 -1.482396 -1.482074 -1.481797 
-1.481575 -1.481531 -1.481644 -1.481892 -1.482612 
-1.678611 -1.677859 -1.677336 -1.676684 -1.675935 -1.675074 -1.674069 -1.672898 
-1.671541 -1.669973 -1.668164 -1.666085 -1.663706 -1.661000 -1.657935 -1.654473 
-1.650570 -1.646181 -1.641271 -1.635817 -1.629812 -1.623253 -1.616139 -1.608502 
-1.600434 -1.591896 -1.582881 -1.573751 -1.564888 -1.556331 -1.548149 -1.540546 
-1.533497 -1.527011 -1.521136 -1.515876 -1.511129 -1.506885 -1.503160 -1.499926 
-1.497111 -1.494655 -1.492512 -1.490645 -1.489025 -1.487626 -1.486426 -1.485403 
-1.484531 -1.483788 -1.483153 -1.482610 -1.482144 -1.481741 -1.481399 -1.481102 
-1.480865 -1.480803 -1.480905 -1.481140 -1.481846 
-1.678628 -1.677875 -1.677356 -1.676713 -1.675974 -1.675125 -1.674135 -1.672982 
-1.671647 -1.670104 -1.668325 -1.666279 -1.663934 -1.661263 -1.658231 -1.654803 
-1.650931 -1.646576 -1.641711 -1.636312 -1.630368 -1.623862 -1.616786 -1.609215 
-1.601207 -1.592674 -1.583584 -1.574447 -1.565618 -1.557069 -1.548785 -1.541056 
-1.533952 -1.527439 -1.521501 -1.516164 -1.511359 -1.507044 -1.503228 -1.499905 
-1.497017 -1.494503 -1.492312 -1.490397 -1.488729 -1.487281 -1.486038 -1.484975 
-1.484068 -1.483295 -1.482634 -1.482067 -1.481581 -1.481161 -1.480803 -1.480492 
-1.480237 -1.480140 -1.480222 -1.480437 -1.481100 
-1.678362 -1.677636 -1.677122 -1.676489 -1.675762 -1.674927 -1.673955 -1.672823 
-1.671513 -1.669999 -1.668254 -1.666246 -1.663943 -1.661316 -1.658329 -1.654944 
-1.651113 -1.646797 -1.641977 -1.636635 -1.630761 -1.624331 -1.617304 -1.609780 
-1.601843 -1.593417 -1.584410 -1.575307 -1.566456 -1.557841 -1.549452 -1.541618 
-1.534453 -1.527904 -1.521904 -1.516450 -1.511541 -1.507161 -1.503289 -1.499891 
-1.496917 -1.494322 -1.492066 -1.490095 -1.488377 -1.486885 -1.485600 -1.484500 
-1.483560 -1.482756 -1.482068 -1.481478 -1.480971 -1.480534 -1.480159 -1.479836 
-1.479560 -1.479427 -1.479484 -1.479678 -1.480299 
-1.677394 -1.676711 -1.676184 -1.675569 -1.674853 -1.674026 -1.673065 -1.671950 
-1.670660 -1.669171 -1.667457 -1.665486 -1.663228 -1.660654 -1.657731 -1.654420 
-1.650674 -1.646455 -1.641746 -1.636523 -1.630763 -1.624444 -1.617554 -1.610177 
-1.602381 -1.594124 -1.585368 -1.576429 -1.567522 -1.558752 -1.550303 -1.542445 
-1.535222 -1.528580 -1.522483 -1.516922 -1.511912 -1.507461 -1.503536 -1.500071 
-1.497006 -1.494312 -1.491967 -1.489923 -1.488151 -1.486615 -1.485292 -1.484155 
-1.483178 -1.482339 -1.481618 -1.480997 -1.480462 -1.480001 -1.479604 -1.479261 
-1.478964 -1.478809 -1.478848 -1.479026 -1.479634 
-1.676571 -1.675912 -1.675388 -1.674785 -1.674083 -1.673266 -1.672320 -1.671226 
-1.669960 -1.668498 -1.666816 -1.664884 -1.662669 -1.660145 -1.657278 -1.654032 
-1.650360 -1.646227 -1.641618 -1.636500 -1.630847 -1.624659 -1.617943 -1.610726 
-1.603058 -1.594961 -1.586461 -1.577670 -1.568673 -1.559766 -1.551311 -1.543447 
-1.536147 -1.529389 -1.523185 -1.517550 -1.512486 -1.507980 -1.503992 -1.500449 
-1.497293 -1.494508 -1.492080 -1.489969 -1.488146 -1.486570 -1.485211 -1.484037 
-1.483021 -1.482142 -1.481383 -1.480727 -1.480159 -1.479668 -1.479244 -1.478878 
-1.478560 -1.478397 -1.478429 -1.478600 -1.479191 
-1.676147 -1.675504 -1.674988 -1.674396 -1.673707 -1.672908 -1.671983 -1.670913 
-1.669675 -1.668246 -1.666601 -1.664709 -1.662536 -1.660053 -1.657226 -1.654022 
-1.650394 -1.646313 -1.641773 -1.636739 -1.631186 -1.625133 -1.618583 -1.611511 
-1.603929 -1.595911 -1.587558 -1.578915 -1.569961 -1.560998 -1.552500 -1.544563 
-1.537164 -1.530305 -1.524025 -1.518352 -1.513253 -1.508683 -1.504603 -1.500967 
-1.497732 -1.494880 -1.492399 -1.490241 -1.488374 -1.486755 -1.485353 -1.484136 
-1.483078 -1.482157 -1.481358 -1.480666 -1.480065 -1.479545 -1.479096 -1.478708 
-1.478373 -1.478215 -1.478250 -1.478420 -1.478999 
-1.675349 -1.674708 -1.674208 -1.673623 -1.672944 -1.672161 -1.671254 -1.670204 
-1.668991 -1.667591 -1.665980 -1.664127 -1.661994 -1.659553 -1.656771 -1.653613 
-1.650039 -1.646021 -1.641564 -1.636632 -1.631192 -1.625245 -1.618805 -1.611867 
-1.604402 -1.596450 -1.588181 -1.579661 -1.570854 -1.561904 -1.553309 -1.545273 
-1.537791 -1.530854 -1.524516 -1.518811 -1.513685 -1.509055 -1.504886 -1.501170 
-1.497878 -1.494983 -1.492464 -1.490265 -1.488351 -1.486683 -1.485234 -1.483976 
-1.482882 -1.481930 -1.481104 -1.480388 -1.479767 -1.479230 -1.478764 -1.478362 
-1.478013 -1.477848 -1.477878 -1.478042 -1.478613 
-1.674060 -1.673426 -1.672934 -1.672349 -1.671678 -1.670898 -1.669997 -1.668957 
-1.667755 -1.666370 -1.664778 -1.662948 -1.660844 -1.658439 -1.655701 -1.652596 
-1.649087 -1.645146 -1.640782 -1.635958 -1.630633 -1.624785 -1.618410 -1.611560 
-1.604234 -1.596407 -1.588233 -1.579790 -1.571096 -1.562235 -1.553558 -1.545406 
-1.537853 -1.530839 -1.524427 -1.518665 -1.513507 -1.508828 -1.504596 -1.500822 
-1.497489 -1.494558 -1.492000 -1.489753 -1.487782 -1.486056 -1.484554 -1.483255 
-1.482131 -1.481158 -1.480318 -1.479591 -1.478961 -1.478416 -1.477944 -1.477537 
-1.477175 -1.476977 -1.476981 -1.477126 -1.477651 
-1.672797 -1.672184 -1.671680 -1.671093 -1.670418 -1.669630 -1.668722 -1.667676 
-1.666469 -1.665081 -1.663489 -1.661664 -1.659572 -1.657191 -1.654493 -1.651443 
-1.647997 -1.644122 -1.639826 -1.635077 -1.629840 -1.624081 -1.617792 -1.611045 
-1.603851 -1.596194 -1.588135 -1.579788 -1.571227 -1.562511 -1.553849 -1.545616 
-1.537973 -1.530879 -1.524375 -1.518524 -1.513296 -1.508556 -1.504272 -1.500456 
-1.497085 -1.494115 -1.491516 -1.489223 -1.487202 -1.485422 -1.483869 -1.482527 
-1.481368 -1.480369 -1.479508 -1.478764 -1.478121 -1.477565 -1.477082 -1.476666 
-1.476294 -1.476067 -1.476045 -1.476173 -1.476670 
-1.671785 -1.671175 -1.670660 -1.670058 -1.669372 -1.668570 -1.667647 -1.666587 
-1.665367 -1.663968 -1.662370 -1.660547 -1.658469 -1.656121 -1.653469 -1.650478 
-1.647087 -1.643257 -1.639002 -1.634305 -1.629138 -1.623464 -1.617293 -1.610677 
-1.603636 -1.596122 -1.588176 -1.580015 -1.571634 -1.563045 -1.554438 -1.546182 
-1.538453 -1.531273 -1.524673 -1.518717 -1.513387 -1.508590 -1.504283 -1.500446 
-1.497040 -1.494027 -1.491387 -1.489059 -1.487007 -1.485200 -1.483620 -1.482250 
-1.481062 -1.480033 -1.479143 -1.478373 -1.477705 -1.477126 -1.476624 -1.476189 
-1.475801 -1.475570 -1.475545 -1.475670 -1.476167 
-1.670993 -1.670360 -1.669848 -1.669236 -1.668542 -1.667733 -1.666803 -1.665736 
-1.664511 -1.663111 -1.661519 -1.659711 -1.657661 -1.655357 -1.652760 -1.649832 
-1.646501 -1.642727 -1.638528 -1.633884 -1.628770 -1.623181 -1.617131 -1.610643 
-1.603723 -1.596320 -1.588553 -1.580588 -1.572335 -1.563833 -1.555301 -1.547039 
-1.539235 -1.531966 -1.525259 -1.519143 -1.513704 -1.508903 -1.504586 -1.500718 
-1.497274 -1.494220 -1.491545 -1.489190 -1.487122 -1.485305 -1.483714 -1.482330 
-1.481124 -1.480074 -1.479161 -1.478367 -1.477677 -1.477078 -1.476558 -1.476106 
-1.475701 -1.475473 -1.475450 -1.475577 -1.476071 
-1.670433 -1.669823 -1.669304 -1.668694 -1.667999 -1.667191 -1.666263 -1.665201 
-1.663983 -1.662594 -1.661018 -1.659231 -1.657211 -1.654946 -1.652401 -1.649538 
-1.646280 -1.642582 -1.638454 -1.633859 -1.628785 -1.623273 -1.617330 -1.610939 
-1.604087 -1.596822 -1.589241 -1.581393 -1.573208 -1.564823 -1.556427 -1.548130 
-1.540225 -1.532887 -1.526093 -1.519778 -1.514214 -1.509407 -1.505054 -1.501134 
-1.497648 -1.494556 -1.491846 -1.489465 -1.487380 -1.485552 -1.483955 -1.482563 
-1.481347 -1.480286 -1.479361 -1.478555 -1.477853 -1.477243 -1.476712 -1.476251 
-1.475836 -1.475596 -1.475563 -1.475683 -1.476158 
-1.670309 -1.669703 -1.669181 -1.668574 -1.667879 -1.667074 -1.666150 -1.665093 
-1.663883 -1.662504 -1.660941 -1.659170 -1.657168 -1.654926 -1.652409 -1.649583 
-1.646372 -1.642731 -1.638664 -1.634124 -1.629101 -1.623655 -1.617788 -1.611463 
-1.604663 -1.597502 -1.590033 -1.582226 -1.574057 -1.565802 -1.557614 -1.549122 
-1.540992 -1.533652 -1.526868 -1.520491 -1.514771 -1.509858 -1.505444 -1.501472 
-1.497957 -1.494838 -1.492102 -1.489696 -1.487591 -1.485750 -1.484143 -1.482745 
-1.481524 -1.480458 -1.479528 -1.478717 -1.478011 -1.477395 -1.476859 -1.476393 
-1.475973 -1.475706 -1.475650 -1.475758 -1.476203 
-1.670723 -1.670113 -1.669582 -1.668968 -1.668265 -1.667453 -1.666524 -1.665462 
-1.664249 -1.662868 -1.661307 -1.659538 -1.657537 -1.655294 -1.652773 -1.649941 
-1.646724 -1.643089 -1.639055 -1.634585 -1.629657 -1.624301 -1.618497 -1.612219 
-1.605497 -1.598403 -1.590963 -1.583120 -1.574902 -1.566693 -1.558830 -1.550086 
-1.541160 -1.533850 -1.527197 -1.521007 -1.515339 -1.510162 -1.505537 -1.501493 
-1.497960 -1.494836 -1.492089 -1.489665 -1.487539 -1.485674 -1.484047 -1.482634 
-1.481403 -1.480330 -1.479396 -1.478581 -1.477871 -1.477252 -1.476712 -1.476242 
-1.475823 -1.475524 -1.475435 -1.475528 -1.475934 
-1.687146 -1.688060 -1.688379 -1.688545 -1.688547 -1.688282 -1.687589 -1.686749 
-1.685763 -1.684615 -1.683280 -1.681729 -1.679933 -1.677860 -1.675475 -1.672741 
-1.669617 -1.666059 -1.662022 -1.657456 -1.652302 -1.646510 -1.640038 -1.632949 
-1.625463 -1.617633 -1.608980 -1.599646 -1.590325 -1.581325 -1.572550 -1.564113 
-1.556158 -1.548783 -1.542103 -1.536097 -1.530636 -1.525714 -1.521365 -1.517571 
-1.514273 -1.511411 -1.508935 -1.506797 -1.504959 -1.503386 -1.502045 -1.500907 
-1.499945 -1.499128 -1.498434 -1.497842 -1.497338 -1.496909 -1.496545 -1.496232 
-1.495962 -1.495732 -1.495531 -1.495225 -1.494363 
-1.684738 -1.685632 -1.685953 -1.686123 -1.686139 -1.685910 -1.685257 -1.684443 
-1.683491 -1.682381 -1.681087 -1.679582 -1.677832 -1.675799 -1.673444 -1.670726 
-1.667613 -1.664079 -1.660113 -1.655671 -1.650675 -1.645067 -1.638860 -1.632095 
-1.624725 -1.616810 -1.608438 -1.599673 -1.590665 -1.581693 -1.573008 -1.564512 
-1.556490 -1.549113 -1.542310 -1.536050 -1.530386 -1.525281 -1.520723 -1.516717 
-1.513229 -1.510188 -1.507536 -1.505225 -1.503218 -1.501489 -1.500010 -1.498753 
-1.497689 -1.496787 -1.496020 -1.495366 -1.494807 -1.494333 -1.493930 -1.493584 
-1.493283 -1.493028 -1.492814 -1.492520 -1.491699 
-1.683109 -1.683963 -1.684265 -1.684418 -1.684415 -1.684153 -1.683481 -1.682683 
-1.681738 -1.680641 -1.679365 -1.677883 -1.676163 -1.674171 -1.671871 -1.669227 
-1.666204 -1.662772 -1.658905 -1.654556 -1.649650 -1.644142 -1.638088 -1.631553 
-1.624408 -1.616613 -1.608367 -1.599859 -1.591068 -1.582064 -1.573322 -1.564816 
-1.556668 -1.549132 -1.542222 -1.535774 -1.529948 -1.524715 -1.520000 -1.515813 
-1.512144 -1.508937 -1.506137 -1.503696 -1.501572 -1.499736 -1.498159 -1.496812 
-1.495667 -1.494692 -1.493861 -1.493152 -1.492545 -1.492028 -1.491590 -1.491214 
-1.490885 -1.490609 -1.490381 -1.490095 -1.489311 
-1.681937 -1.682736 -1.683015 -1.683147 -1.683116 -1.682800 -1.682111 -1.681315 
-1.680372 -1.679281 -1.678015 -1.676548 -1.674853 -1.672900 -1.670660 -1.668097 
-1.665172 -1.661845 -1.658068 -1.653789 -1.648941 -1.643503 -1.637559 -1.631173 
-1.624210 -1.616593 -1.608480 -1.600075 -1.591371 -1.582345 -1.573501 -1.564978 
-1.556752 -1.549029 -1.541993 -1.535402 -1.529449 -1.524118 -1.519290 -1.514965 
-1.511141 -1.507782 -1.504848 -1.502297 -1.500082 -1.498167 -1.496517 -1.495101 
-1.493890 -1.492853 -1.491965 -1.491205 -1.490553 -1.489997 -1.489524 -1.489119 
-1.488765 -1.488466 -1.488220 -1.487939 -1.487194 
-1.680908 -1.681683 -1.681949 -1.682071 -1.682032 -1.681702 -1.681014 -1.680223 
-1.679288 -1.678206 -1.676952 -1.675500 -1.673823 -1.671893 -1.669679 -1.667145 
-1.664254 -1.660964 -1.657231 -1.653004 -1.648219 -1.642852 -1.636986 -1.630675 
-1.623787 -1.616277 -1.608300 -1.599977 -1.591313 -1.582372 -1.573509 -1.564962 
-1.556738 -1.548965 -1.541828 -1.535130 -1.529058 -1.523625 -1.518706 -1.514280 
-1.510334 -1.506848 -1.503792 -1.501134 -1.498827 -1.496834 -1.495113 -1.493632 
-1.492358 -1.491264 -1.490324 -1.489517 -1.488824 -1.488230 -1.487725 -1.487291 
-1.486914 -1.486592 -1.486329 -1.486046 -1.485318 
-1.679936 -1.680690 -1.680951 -1.681070 -1.681033 -1.680711 -1.680031 -1.679248 
-1.678324 -1.677254 -1.676013 -1.674575 -1.672912 -1.670990 -1.668777 -1.666237 
-1.663334 -1.660038 -1.656313 -1.652117 -1.647393 -1.642114 -1.636332 -1.630053 
-1.623155 -1.615685 -1.607843 -1.599618 -1.591003 -1.582229 -1.573434 -1.564874 
-1.556709 -1.549013 -1.541816 -1.535047 -1.528865 -1.523316 -1.518317 -1.513815 
-1.509784 -1.506198 -1.503038 -1.500279 -1.497878 -1.495799 -1.494001 -1.492450 
-1.491115 -1.489967 -1.488979 -1.488130 -1.487400 -1.486773 -1.486239 -1.485783 
-1.485384 -1.485041 -1.484762 -1.484475 -1.483747 
-1.679086 -1.679804 -1.680047 -1.680148 -1.680088 -1.679716 -1.679031 -1.678249 
-1.677329 -1.676264 -1.675031 -1.673603 -1.671951 -1.670047 -1.667855 -1.665341 
-1.662464 -1.659183 -1.655453 -1.651246 -1.646561 -1.641398 -1.635732 -1.629486 
-1.622613 -1.615229 -1.607506 -1.599363 -1.590843 -1.582178 -1.573446 -1.564932 
-1.556827 -1.549161 -1.541917 -1.535122 -1.528866 -1.523217 -1.518148 -1.513590 
-1.509498 -1.505842 -1.502602 -1.499762 -1.497282 -1.495127 -1.493260 -1.491647 
-1.490257 -1.489061 -1.488031 -1.487145 -1.486382 -1.485727 -1.485168 -1.484690 
-1.484274 -1.483914 -1.483620 -1.483330 -1.482612 
-1.678611 -1.679288 -1.679510 -1.679590 -1.679496 -1.679053 -1.678362 -1.677569 
-1.676642 -1.675570 -1.674330 -1.672898 -1.671249 -1.669356 -1.667186 -1.664701 
-1.661851 -1.658572 -1.654810 -1.650571 -1.645910 -1.640831 -1.635224 -1.629014 
-1.622223 -1.614943 -1.607274 -1.599215 -1.590795 -1.582147 -1.573462 -1.565026 
-1.556931 -1.549220 -1.541954 -1.535173 -1.528889 -1.523177 -1.518057 -1.513461 
-1.509335 -1.505639 -1.502352 -1.499462 -1.496932 -1.494726 -1.492810 -1.491149 
-1.489715 -1.488478 -1.487411 -1.486492 -1.485700 -1.485019 -1.484436 -1.483937 
-1.483504 -1.483128 -1.482819 -1.482525 -1.481846 
-1.678628 -1.679270 -1.679485 -1.679562 -1.679468 -1.679022 -1.678317 -1.677509 
-1.676567 -1.675477 -1.674218 -1.672764 -1.671092 -1.669173 -1.666974 -1.664458 
-1.661580 -1.658281 -1.654507 -1.650257 -1.645572 -1.640454 -1.634819 -1.628625 
-1.621889 -1.614642 -1.606969 -1.598959 -1.590619 -1.581986 -1.573343 -1.564908 
-1.556788 -1.549058 -1.541810 -1.535042 -1.528751 -1.522992 -1.517821 -1.513186 
-1.509034 -1.505321 -1.502017 -1.499106 -1.496548 -1.494310 -1.492359 -1.490661 
-1.489191 -1.487919 -1.486819 -1.485869 -1.485049 -1.484342 -1.483736 -1.483215 
-1.482765 -1.482376 -1.482050 -1.481750 -1.481100 
-1.678362 -1.678997 -1.679206 -1.679277 -1.679178 -1.678720 -1.678011 -1.677197 
-1.676248 -1.675152 -1.673885 -1.672421 -1.670734 -1.668793 -1.666562 -1.664011 
-1.661104 -1.657805 -1.654071 -1.649879 -1.645217 -1.640060 -1.634401 -1.628232 
-1.621541 -1.614325 -1.606679 -1.598696 -1.590414 -1.581852 -1.573260 -1.564803 
-1.556625 -1.548897 -1.541664 -1.534892 -1.528582 -1.522791 -1.517558 -1.512860 
-1.508656 -1.504909 -1.501583 -1.498655 -1.496077 -1.493816 -1.491836 -1.490108 
-1.488606 -1.487301 -1.486169 -1.485189 -1.484342 -1.483611 -1.482981 -1.482439 
-1.481972 -1.481570 -1.481224 -1.480923 -1.480299 
-1.677394 -1.677992 -1.678178 -1.678224 -1.678077 -1.677543 -1.676847 -1.676040 
-1.675103 -1.674020 -1.672766 -1.671316 -1.669642 -1.667711 -1.665485 -1.662940 
-1.660050 -1.656797 -1.653143 -1.649046 -1.644462 -1.639357 -1.633762 -1.627660 
-1.621022 -1.613885 -1.606364 -1.598451 -1.590206 -1.581789 -1.573282 -1.564834 
-1.556669 -1.548973 -1.541714 -1.534900 -1.528578 -1.522788 -1.517512 -1.512738 
-1.508458 -1.504647 -1.501270 -1.498304 -1.495698 -1.493412 -1.491407 -1.489651 
-1.488121 -1.486788 -1.485628 -1.484622 -1.483752 -1.482999 -1.482349 -1.481788 
-1.481306 -1.480889 -1.480535 -1.480226 -1.479634 
-1.676571 -1.677138 -1.677307 -1.677335 -1.677153 -1.676582 -1.675889 -1.675084 
-1.674153 -1.673075 -1.671827 -1.670385 -1.668718 -1.666793 -1.664575 -1.662041 
-1.659169 -1.655945 -1.652328 -1.648280 -1.643760 -1.638736 -1.633215 -1.627151 
-1.620565 -1.613551 -1.606175 -1.598315 -1.590149 -1.581880 -1.573436 -1.565029 
-1.556934 -1.549260 -1.541935 -1.535077 -1.528771 -1.522997 -1.517697 -1.512863 
-1.508517 -1.504641 -1.501204 -1.498186 -1.495541 -1.493223 -1.491191 -1.489409 
-1.487853 -1.486495 -1.485313 -1.484286 -1.483396 -1.482626 -1.481960 -1.481384 
-1.480887 -1.480461 -1.480091 -1.479775 -1.479191 
-1.676147 -1.676716 -1.676888 -1.676922 -1.676759 -1.676198 -1.675496 -1.674680 
-1.673738 -1.672648 -1.671391 -1.669940 -1.668270 -1.666348 -1.664138 -1.661616 
-1.658747 -1.655509 -1.651860 -1.647806 -1.643339 -1.638400 -1.632926 -1.626891 
-1.620371 -1.613472 -1.606200 -1.598436 -1.590357 -1.582174 -1.573818 -1.565481 
-1.557410 -1.549709 -1.542338 -1.535455 -1.529150 -1.523380 -1.518073 -1.513216 
-1.508828 -1.504902 -1.501410 -1.498338 -1.495649 -1.493290 -1.491223 -1.489410 
-1.487826 -1.486445 -1.485241 -1.484194 -1.483286 -1.482499 -1.481819 -1.481230 
-1.480723 -1.480286 -1.479903 -1.479584 -1.478999 
-1.675349 -1.675915 -1.676087 -1.676127 -1.675983 -1.675438 -1.674723 -1.673898 
-1.672945 -1.671847 -1.670583 -1.669130 -1.667467 -1.665565 -1.663389 -1.660910 
-1.658081 -1.654860 -1.651201 -1.647146 -1.642719 -1.637855 -1.632452 -1.626489 
-1.620043 -1.613212 -1.605994 -1.598327 -1.590312 -1.582177 -1.573900 -1.565592 
-1.557478 -1.549734 -1.542362 -1.535465 -1.529130 -1.523342 -1.518043 -1.513199 
-1.508811 -1.504866 -1.501339 -1.498221 -1.495486 -1.493084 -1.490979 -1.489136 
-1.487529 -1.486130 -1.484912 -1.483853 -1.482935 -1.482139 -1.481450 -1.480854 
-1.480339 -1.479896 -1.479513 -1.479183 -1.478613 
-1.674060 -1.674604 -1.674767 -1.674798 -1.674636 -1.674066 -1.673352 -1.672525 
-1.671572 -1.670475 -1.669216 -1.667772 -1.666127 -1.664254 -1.662117 -1.659687 
-1.656910 -1.653738 -1.650119 -1.646104 -1.641724 -1.636912 -1.631577 -1.625710 
-1.619363 -1.612590 -1.605396 -1.597771 -1.589801 -1.581700 -1.573461 -1.565131 
-1.556917 -1.549087 -1.541713 -1.534817 -1.528436 -1.522593 -1.517272 -1.512443 
-1.508082 -1.504152 -1.500617 -1.497472 -1.494699 -1.492255 -1.490113 -1.488240 
-1.486613 -1.485202 -1.483976 -1.482911 -1.481989 -1.481190 -1.480497 -1.479897 
-1.479380 -1.478932 -1.478548 -1.478223 -1.477651 
-1.672797 -1.673312 -1.673454 -1.673459 -1.673236 -1.672624 -1.671915 -1.671098 
-1.670157 -1.669073 -1.667828 -1.666400 -1.664770 -1.662907 -1.660776 -1.658348 
-1.655577 -1.652433 -1.648876 -1.644939 -1.640620 -1.635838 -1.630532 -1.624736 
-1.618493 -1.611818 -1.604684 -1.597101 -1.589190 -1.581143 -1.572952 -1.564646 
-1.556395 -1.548480 -1.541059 -1.534158 -1.527747 -1.521847 -1.516477 -1.511627 
-1.507263 -1.503336 -1.499800 -1.496646 -1.493860 -1.491395 -1.489231 -1.487338 
-1.485694 -1.484269 -1.483033 -1.481959 -1.481029 -1.480223 -1.479524 -1.478917 
-1.478394 -1.477943 -1.477553 -1.477229 -1.476670 
-1.671785 -1.672255 -1.672370 -1.672334 -1.672017 -1.671382 -1.670688 -1.669881 
-1.668951 -1.667879 -1.666644 -1.665222 -1.663588 -1.661708 -1.659550 -1.657097 
-1.654322 -1.651214 -1.647720 -1.643847 -1.639570 -1.634794 -1.629503 -1.623767 
-1.617646 -1.611086 -1.604021 -1.596506 -1.588699 -1.580737 -1.572639 -1.564406 
-1.556203 -1.548305 -1.540866 -1.533920 -1.527469 -1.521540 -1.516142 -1.511260 
-1.506859 -1.502907 -1.499360 -1.496208 -1.493433 -1.490981 -1.488829 -1.486940 
-1.485294 -1.483863 -1.482616 -1.481530 -1.480587 -1.479769 -1.479058 -1.478440 
-1.477907 -1.477444 -1.477045 -1.476719 -1.476167 
-1.670993 -1.671407 -1.671501 -1.671429 -1.671027 -1.670399 -1.669697 -1.668886 
-1.667951 -1.666874 -1.665632 -1.664202 -1.662559 -1.660671 -1.658510 -1.656067 
-1.653313 -1.650229 -1.646757 -1.642919 -1.638682 -1.633929 -1.628665 -1.622999 
-1.617005 -1.610514 -1.603501 -1.596092 -1.588406 -1.580563 -1.572576 -1.564371 
-1.556301 -1.548580 -1.541150 -1.534087 -1.527541 -1.521594 -1.516178 -1.511257 
-1.506823 -1.502851 -1.499297 -1.496148 -1.493393 -1.490963 -1.488830 -1.486952 
-1.485308 -1.483872 -1.482616 -1.481519 -1.480563 -1.479733 -1.479010 -1.478380 
-1.477836 -1.477363 -1.476954 -1.476621 -1.476071 
-1.670433 -1.670835 -1.670918 -1.670823 -1.670370 -1.669731 -1.669008 -1.668176 
-1.667219 -1.666121 -1.664862 -1.663422 -1.661783 -1.659911 -1.657776 -1.655357 
-1.652609 -1.649513 -1.646028 -1.642218 -1.638029 -1.633320 -1.628088 -1.622483 
-1.616563 -1.610100 -1.603150 -1.595870 -1.588301 -1.580572 -1.572669 -1.564491 
-1.556636 -1.549176 -1.541761 -1.534545 -1.527879 -1.521911 -1.516462 -1.511495 
-1.507040 -1.503056 -1.499489 -1.496333 -1.493580 -1.491155 -1.489027 -1.487151 
-1.485503 -1.484061 -1.482795 -1.481687 -1.480721 -1.479878 -1.479145 -1.478504 
-1.477950 -1.477470 -1.477051 -1.476711 -1.476158 
-1.670309 -1.670696 -1.670771 -1.670666 -1.670181 -1.669530 -1.668781 -1.667923 
-1.666940 -1.665817 -1.664535 -1.663080 -1.661434 -1.659561 -1.657428 -1.655008 
-1.652242 -1.649119 -1.645611 -1.641797 -1.637612 -1.632919 -1.627731 -1.622158 
-1.616233 -1.609793 -1.602904 -1.595706 -1.588214 -1.580526 -1.572691 -1.564685 
-1.556918 -1.549488 -1.542043 -1.534876 -1.528273 -1.522266 -1.516748 -1.511715 
-1.507232 -1.503246 -1.499682 -1.496521 -1.493758 -1.491324 -1.489186 -1.487301 
-1.485644 -1.484192 -1.482918 -1.481800 -1.480823 -1.479971 -1.479228 -1.478578 
-1.478015 -1.477527 -1.477104 -1.476750 -1.476203 
-1.670723 -1.671097 -1.671169 -1.671062 -1.670560 -1.669893 -1.669125 -1.668247 
-1.667241 -1.666092 -1.664778 -1.663286 -1.661593 -1.659664 -1.657473 -1.655001 
-1.652205 -1.649068 -1.645546 -1.641683 -1.637417 -1.632672 -1.627555 -1.622033 
-1.616030 -1.609605 -1.602794 -1.595609 -1.588131 -1.580403 -1.572551 -1.564901 
-1.557267 -1.549350 -1.541501 -1.534518 -1.528468 -1.522629 -1.516986 -1.511821 
-1.507250 -1.503241 -1.499696 -1.496554 -1.493788 -1.491327 -1.489152 -1.487230 
-1.485542 -1.484066 -1.482772 -1.481636 -1.480643 -1.479776 -1.479018 -1.478356 
-1.477780 -1.477280 -1.476845 -1.476483 -1.475934 
